global_descriptor:[ 0.01124   -0.00987    0.0015135 ...  0.00815   -0.03424    0.00859  ]
image_size:[3648 2736]
global_descriptor:[ 0.010414 -0.01836  -0.001466 ...  0.01814   0.01752   0.02554 ]
image_size:[3648 2736]
global_descriptor:[ 0.01401  -0.01178   0.00372  ... -0.007008  0.003014 -0.01402 ]
image_size:[3648 2736]
global_descriptor:[ 0.01012  -0.01282   0.004574 ...  0.01346   0.02126   0.01978 ]
image_size:[3648 2736]
global_descriptor:[ 0.01214  -0.014725  0.00435  ...  0.01207   0.05228  -0.02078 ]
image_size:[3648 2736]
global_descriptor:[ 0.011345 -0.0173    0.005836 ...  0.01111   0.00525  -0.01097 ]
image_size:[3648 2736]
global_descriptor:[ 0.01255  -0.01529   0.00524  ... -0.0174   -0.004517 -0.01611 ]
image_size:[3648 2736]
global_descriptor:[ 0.0157   -0.00989   0.003029 ...  0.01268   0.01974  -0.01063 ]
image_size:[3648 2736]
global_descriptor:[ 0.0128    -0.01101   -0.003225  ...  0.02869   -0.004143   0.0006094]
image_size:[3648 2736]
global_descriptor:[ 0.0152   -0.01275  -0.001858 ...  0.01424  -0.01768   0.000624]
image_size:[3648 2736]
global_descriptor:[ 0.01361  -0.01141  -0.003012 ...  0.02332  -0.03403   0.01469 ]
image_size:[3648 2736]
global_descriptor:[ 0.015564 -0.00891   0.007057 ... -0.01415  -0.003181  0.001329]
image_size:[3648 2736]
global_descriptor:[ 0.015045 -0.01051   0.01098  ... -0.00302   0.01274   0.01663 ]
image_size:[3648 2736]
global_descriptor:[ 0.01251  -0.01302   0.010796 ...  0.00922   0.00691   0.01503 ]
image_size:[3648 2736]
global_descriptor:[ 0.01063  -0.01561   0.0105   ... -0.007164  0.02469   0.0217  ]
image_size:[3648 2736]
global_descriptor:[ 0.007698 -0.01529   0.007225 ... -0.0302    0.003845  0.00679 ]
image_size:[3648 2736]
global_descriptor:[ 0.006752  -0.0156     0.0084    ... -0.02       0.0001671  0.02016  ]
image_size:[3648 2736]
global_descriptor:[ 0.00849  -0.015434  0.00974  ... -0.03714   0.003622  0.03735 ]
image_size:[3648 2736]
global_descriptor:[ 0.0114   -0.01066   0.000299 ...  0.01768  -0.03317   0.001072]
image_size:[3648 2736]
global_descriptor:[ 0.01451  -0.00944  -0.001838 ...  0.002823 -0.01152  -0.02199 ]
image_size:[3648 2736]
global_descriptor:[ 0.01124   -0.00987    0.0015135 ...  0.00815   -0.03424    0.00859  ]
image_size:[3648 2736]
global_descriptor:[ 0.010414 -0.01836  -0.001466 ...  0.01814   0.01752   0.02554 ]
image_size:[3648 2736]
global_descriptor:[ 0.01401  -0.01178   0.00372  ... -0.007008  0.003014 -0.01402 ]
image_size:[3648 2736]
global_descriptor:[ 0.01012  -0.01282   0.004574 ...  0.01346   0.02126   0.01978 ]
image_size:[3648 2736]
global_descriptor:[ 0.01214  -0.014725  0.00435  ...  0.01207   0.05228  -0.02078 ]
image_size:[3648 2736]
global_descriptor:[ 0.011345 -0.0173    0.005836 ...  0.01111   0.00525  -0.01097 ]
image_size:[3648 2736]
global_descriptor:[ 0.01255  -0.01529   0.00524  ... -0.0174   -0.004517 -0.01611 ]
image_size:[3648 2736]
global_descriptor:[ 0.0157   -0.00989   0.003029 ...  0.01268   0.01974  -0.01063 ]
image_size:[3648 2736]
global_descriptor:[ 0.0128    -0.01101   -0.003225  ...  0.02869   -0.004143   0.0006094]
image_size:[3648 2736]
global_descriptor:[ 0.0152   -0.01275  -0.001858 ...  0.01424  -0.01768   0.000624]
image_size:[3648 2736]
global_descriptor:[ 0.01361  -0.01141  -0.003012 ...  0.02332  -0.03403   0.01469 ]
image_size:[3648 2736]
global_descriptor:[ 0.015564 -0.00891   0.007057 ... -0.01415  -0.003181  0.001329]
image_size:[3648 2736]
global_descriptor:[ 0.015045 -0.01051   0.01098  ... -0.00302   0.01274   0.01663 ]
image_size:[3648 2736]
global_descriptor:[ 0.01251  -0.01302   0.010796 ...  0.00922   0.00691   0.01503 ]
image_size:[3648 2736]
global_descriptor:[ 0.01063  -0.01561   0.0105   ... -0.007164  0.02469   0.0217  ]
image_size:[3648 2736]
global_descriptor:[ 0.007698 -0.01529   0.007225 ... -0.0302    0.003845  0.00679 ]
image_size:[3648 2736]
global_descriptor:[ 0.006752  -0.0156     0.0084    ... -0.02       0.0001671  0.02016  ]
image_size:[3648 2736]
global_descriptor:[ 0.00849  -0.015434  0.00974  ... -0.03714   0.003622  0.03735 ]
image_size:[3648 2736]
global_descriptor:[ 0.0114   -0.01066   0.000299 ...  0.01768  -0.03317   0.001072]
image_size:[3648 2736]
global_descriptor:[ 0.01451  -0.00944  -0.001838 ...  0.002823 -0.01152  -0.02199 ]
image_size:[3648 2736]
global_descriptor:[ 0.01124   -0.00987    0.0015135 ...  0.00815   -0.03424    0.00859  ]
image_size:[3648 2736]
global_descriptor:[ 0.010414 -0.01836  -0.001466 ...  0.01814   0.01752   0.02554 ]
image_size:[3648 2736]
global_descriptor:[ 0.01401  -0.01178   0.00372  ... -0.007008  0.003014 -0.01402 ]
image_size:[3648 2736]
global_descriptor:[ 0.01012  -0.01282   0.004574 ...  0.01346   0.02126   0.01978 ]
image_size:[3648 2736]
global_descriptor:[ 0.01214  -0.014725  0.00435  ...  0.01207   0.05228  -0.02078 ]
image_size:[3648 2736]
global_descriptor:[ 0.011345 -0.0173    0.005836 ...  0.01111   0.00525  -0.01097 ]
image_size:[3648 2736]
global_descriptor:[ 0.01255  -0.01529   0.00524  ... -0.0174   -0.004517 -0.01611 ]
image_size:[3648 2736]
global_descriptor:[ 0.0157   -0.00989   0.003029 ...  0.01268   0.01974  -0.01063 ]
image_size:[3648 2736]
global_descriptor:[ 0.0128    -0.01101   -0.003225  ...  0.02869   -0.004143   0.0006094]
image_size:[3648 2736]
global_descriptor:[ 0.0152   -0.01275  -0.001858 ...  0.01424  -0.01768   0.000624]
image_size:[3648 2736]
global_descriptor:[ 0.01361  -0.01141  -0.003012 ...  0.02332  -0.03403   0.01469 ]
image_size:[3648 2736]
global_descriptor:[ 0.015564 -0.00891   0.007057 ... -0.01415  -0.003181  0.001329]
image_size:[3648 2736]
global_descriptor:[ 0.015045 -0.01051   0.01098  ... -0.00302   0.01274   0.01663 ]
image_size:[3648 2736]
global_descriptor:[ 0.01251  -0.01302   0.010796 ...  0.00922   0.00691   0.01503 ]
image_size:[3648 2736]
global_descriptor:[ 0.01063  -0.01561   0.0105   ... -0.007164  0.02469   0.0217  ]
image_size:[3648 2736]
global_descriptor:[ 0.007698 -0.01529   0.007225 ... -0.0302    0.003845  0.00679 ]
image_size:[3648 2736]
global_descriptor:[ 0.006752  -0.0156     0.0084    ... -0.02       0.0001671  0.02016  ]
image_size:[3648 2736]
global_descriptor:[ 0.00849  -0.015434  0.00974  ... -0.03714   0.003622  0.03735 ]
image_size:[3648 2736]
global_descriptor:[ 0.0114   -0.01066   0.000299 ...  0.01768  -0.03317   0.001072]
image_size:[3648 2736]
global_descriptor:[ 0.01451  -0.00944  -0.001838 ...  0.002823 -0.01152  -0.02199 ]
image_size:[3648 2736]
global_descriptor:[ 0.00528  -0.006954  0.00468  ... -0.002356  0.014915  0.01301 ]
image_size:[1920 1080]
global_descriptor:[ 0.00528  -0.006954  0.00468  ... -0.002356  0.014915  0.01301 ]
image_size:[1920 1080]
global_descriptor:[ 0.00528  -0.006954  0.00468  ... -0.002356  0.014915  0.01301 ]
image_size:[1920 1080]
global_descriptor:[ 0.00528  -0.006954  0.00468  ... -0.002356  0.014915  0.01301 ]
image_size:[1920 1080]
