global_descriptor:[ 0.015045 -0.01051   0.01098  ... -0.00302   0.01274   0.01663 ]
image_size:[3648 2736]
keypoints:[[2212.      7.48]
 [1989.     14.32]
 [2060.     14.32]
 ...
 [1084.   2684.  ]
 [2158.   2686.  ]
 [1088.   2712.  ]]
2.2799999713897705keypoint_scores:[41.75 51.12 49.53 ... 43.34 92.75 44.53]
2.2799999713897705descriptors:[[-0.0822   -0.153    -0.02565  ... -0.01508   0.0474    0.03903 ]
 [ 0.08325   0.05917  -0.00617  ... -0.0682   -0.02917   0.008255]
 [-0.03326   0.0988    0.0502   ... -0.1387   -0.03073  -0.1655  ]
 ...
 [ 0.0888    0.0421   -0.06128  ...  0.1548    0.0953    0.1914  ]
 [ 0.1208    0.0428    0.03943  ... -0.05005  -0.02339  -0.0778  ]
 [-0.1043    0.1085   -0.0626   ... -0.01685   0.1626   -0.1387  ]]
2.2799999713897705image_size:[3648 2736]
2.2799999713897705keypoints:[[1533.     12.04]
 [1469.     14.32]
 [1722.     16.6 ]
 ...
 [ 598.   2666.  ]
 [ 632.   2676.  ]
 [2110.   2696.  ]]
2.2799999713897705keypoint_scores:[35.88 44.56 47.53 ... 47.16 36.03 40.7 ]
2.2799999713897705descriptors:[[ 0.0338   -0.06775  -0.0843   ... -0.0769   -0.218    -0.11914 ]
 [-0.07996  -0.07355  -0.0851   ...  0.156     0.0992    0.02168 ]
 [ 0.0891    0.07153   0.08154  ...  0.0878   -0.01365  -0.01116 ]
 ...
 [-0.082    -0.098    -0.0938   ... -0.136    -0.0494   -0.1008  ]
 [-0.02702  -0.0247   -0.03738  ... -0.04398  -0.11743  -0.015526]
 [ 0.013275  0.0537    0.04108  ...  0.004807 -0.005764  0.1897  ]]
2.2799999713897705image_size:[3648 2736]
2.2799999713897705keypoints:[[ 525.     16.6 ]
 [2158.     18.88]
 [2198.     18.88]
 ...
 [1227.   2624.  ]
 [1546.   2672.  ]
 [1829.   2710.  ]]
2.2799999713897705keypoint_scores:[77.25 64.75 58.84 ... 62.75 48.3  45.97]
2.2799999713897705descriptors:[[-0.1329    0.1288    0.03793  ... -0.08453  -0.2046   -0.007004]
 [-0.0918   -0.09796  -0.00533  ... -0.06665   0.01909  -0.04742 ]
 [-0.07416   0.02678  -0.05078  ... -0.1218   -0.1459   -0.009224]
 ...
 [ 0.06415   0.1592    0.2644   ...  0.1982    0.1229    0.1857  ]
 [-0.1001    0.1084   -0.02422  ... -0.1279   -0.08887  -0.07605 ]
 [-0.03506   0.1255    0.1008   ...  0.157    -0.001567  0.0425  ]]
2.2799999713897705image_size:[3648 2736]
2.2799999713897705keypoints:[[ 794.     18.88]
 [ 969.5    18.88]
 [ 764.5    25.72]
 ...
 [1458.   2646.  ]
 [1524.   2660.  ]
 [2798.   2672.  ]]
2.2799999713897705keypoint_scores:[45.47 44.62 70.6  ... 49.12 44.44 53.47]
2.2799999713897705descriptors:[[-0.2063   -0.1731   -0.2676   ... -0.1185   -0.0247   -0.1808  ]
 [ 0.04498  -0.07983  -0.1129   ...  0.02237   0.05356  -0.006393]
 [ 0.01581  -0.005276  0.05246  ...  0.09625  -0.03522  -0.0977  ]
 ...
 [-0.01473   0.0764    0.02895  ...  0.0829    0.05225   0.097   ]
 [-0.0894   -0.07074  -0.03925  ... -0.05865  -0.0467   -0.0626  ]
 [ 0.08624   0.0702    0.04053  ...  0.0874    0.1367   -0.000379]]
2.2799999713897705image_size:[3648 2736]
2.2799999713897705keypoints:[[3004.     21.16]
 [2946.     28.  ]
 [2986.     30.28]
 ...
 [3436.   2688.  ]
 [3106.   2692.  ]
 [2606.   2710.  ]]
2.2799999713897705keypoint_scores:[44.78 56.   72.9  ... 47.5  47.5  65.6 ]
2.2799999713897705descriptors:[[-0.03488  -0.1012    0.1414   ... -0.07385  -0.06085  -0.05026 ]
 [-0.0469   -0.03119  -0.08234  ...  0.1616    0.0828   -0.1316  ]
 [-0.1251   -0.04813  -0.1708   ... -0.09894  -0.10785  -0.06058 ]
 ...
 [ 0.0523    0.1298    0.0983   ...  0.05695   0.0865    0.08075 ]
 [ 0.09     -0.12354  -0.09656  ... -0.06805  -0.01657   0.1058  ]
 [-0.007305 -0.08716   0.1448   ...  0.09753   0.141     0.08105 ]]
2.2799999713897705image_size:[3648 2736]
2.2799999713897705keypoints:[[2640.     28.  ]
 [2604.     30.28]
 [3238.     50.8 ]
 ...
 [ 244.6  2694.  ]
 [2608.   2696.  ]
 [ 199.   2712.  ]]
2.2799999713897705keypoint_scores:[80.1  50.25 43.1  ... 44.6  69.4  63.84]
2.2799999713897705descriptors:[[-0.08795  -0.0284   -0.08685  ... -0.1589   -0.02055  -0.0631  ]
 [ 0.0114    0.01374  -0.1143   ...  0.12427   0.0635   -0.1887  ]
 [-0.1638   -0.1273   -0.08966  ... -0.04776   0.0957   -0.04037 ]
 ...
 [ 0.1301   -0.024     0.03056  ...  0.06012   0.1366    0.062   ]
 [-0.0692   -0.02792  -0.013954 ... -0.005505  0.01566  -0.01287 ]
 [ 0.0818    0.1142    0.096    ...  0.1156    0.11176   0.06104 ]]
2.2799999713897705image_size:[3648 2736]
2.2799999713897705keypoints:[[3170.     25.72]
 [3144.     34.84]
 [2524.     41.7 ]
 ...
 [1936.   2648.  ]
 [1870.   2652.  ]
 [ 607.   2662.  ]]
2.2799999713897705keypoint_scores:[44.06 51.12 85.4  ... 50.44 54.16 56.94]
2.2799999713897705descriptors:[[-0.05295 -0.11285 -0.0738  ...  0.0341  -0.12244 -0.0175 ]
 [ 0.0732   0.2225   0.04892 ...  0.05356 -0.03973  0.00564]
 [-0.01297 -0.04852 -0.0727  ... -0.1552  -0.142   -0.02263]
 ...
 [-0.0432   0.07947  0.1101  ...  0.1868   0.2079   0.1508 ]
 [-0.02733  0.02652  0.0327  ...  0.03052 -0.0904  -0.1572 ]
 [ 0.069    0.05206  0.01021 ... -0.06     0.11035 -0.0272 ]]
2.2799999713897705image_size:[3648 2736]
2.2799999713897705keypoints:[[1179.     12.04]
 [2500.     14.32]
 [2906.     16.6 ]
 ...
 [1553.   2696.  ]
 [1556.   2714.  ]
 [1569.   2714.  ]]
2.2799999713897705keypoint_scores:[53.47 61.38 50.6  ... 65.5  43.97 56.78]
2.2799999713897705descriptors:[[ 0.09174  -0.174     0.03296  ... -0.07495  -0.0992   -0.006023]
 [ 0.005836  0.03775  -0.00888  ...  0.03345  -0.005444 -0.02504 ]
 [ 0.02583  -0.04544  -0.05087  ... -0.08594   0.08813  -0.08453 ]
 ...
 [ 0.08545   0.1295    0.0623   ...  0.0285    0.1272    0.1014  ]
 [ 0.04382  -0.05698  -0.11725  ... -0.1514   -0.0657   -0.1083  ]
 [ 0.10144   0.0746    0.05295  ...  0.06866  -0.0301    0.0656  ]]
2.2799999713897705image_size:[3648 2736]
2.2799999713897705keypoints:[[2448.      9.76]
 [2226.     12.04]
 [2874.     12.04]
 ...
 [1920.   2688.  ]
 [1950.   2694.  ]
 [2025.   2708.  ]]
2.2799999713897705keypoint_scores:[51.44 76.7  43.8  ... 43.28 59.06 45.88]
2.2799999713897705descriptors:[[-0.01475   0.03983   0.03915  ...  0.1737    0.0779   -0.0855  ]
 [-0.10986  -0.01181  -0.1298   ...  0.1372    0.02681  -0.07855 ]
 [-0.0643   -0.1826   -0.1938   ...  0.04196   0.03827   0.02464 ]
 ...
 [ 0.154     0.00995  -0.01519  ... -0.05017   0.03117  -0.0599  ]
 [-0.01904  -0.06235  -0.0306   ... -0.1418   -0.0532   -0.1814  ]
 [ 0.02228   0.0788    0.1428   ...  0.08      0.009865 -0.087   ]]
2.2799999713897705image_size:[3648 2736]
2.2799999713897705keypoints:[[2896.     14.32]
 [2266.     16.6 ]
 [3010.     16.6 ]
 ...
 [2566.   2702.  ]
 [2592.   2704.  ]
 [1859.   2712.  ]]
2.2799999713897705keypoint_scores:[55.12 79.1  56.47 ... 91.75 55.28 69.75]
2.2799999713897705descriptors:[[ 0.01625  -0.01634  -0.0513   ... -0.00712  -0.01859  -0.1508  ]
 [-0.05618  -0.02939   0.004223 ...  0.0502    0.0351   -0.02315 ]
 [-0.137    -0.1333   -0.2294   ... -0.1919   -0.04327  -0.05844 ]
 ...
 [ 0.04053  -0.0876    0.0648   ...  0.1073    0.0813   -0.02824 ]
 [-0.1477    0.01985  -0.007706 ... -0.02972  -0.0909   -0.02214 ]
 [ 0.02365   0.137    -0.05438  ...  0.06464  -0.1002   -0.0452  ]]
2.2799999713897705image_size:[3648 2736]
2.2799999713897705keypoints:[[2702.     14.32]
 [2750.     23.44]
 [2774.     23.44]
 ...
 [2522.   2708.  ]
 [2276.   2716.  ]
 [2484.   2718.  ]]
2.2799999713897705keypoint_scores:[52.66 75.94 63.2  ... 61.8  46.47 50.8 ]
2.2799999713897705descriptors:[[-9.454e-02 -9.558e-02 -1.532e-02 ... -7.549e-03  9.024e-05  2.737e-02]
 [-1.924e-01  1.368e-01 -4.666e-02 ...  4.529e-02 -8.105e-02 -5.750e-02]
 [-4.044e-02 -1.564e-01 -8.386e-02 ... -1.584e-01 -9.314e-02 -3.680e-02]
 ...
 [ 3.516e-02  3.806e-02 -8.783e-02 ...  1.617e-01  1.376e-01  7.867e-02]
 [-1.097e-01 -8.154e-02 -4.272e-02 ... -1.785e-02  3.653e-02 -5.334e-02]
 [ 9.595e-02 -4.578e-03  1.890e-01 ... -4.691e-02 -2.987e-04  5.127e-02]]
2.2799999713897705image_size:[3648 2736]
2.2799999713897705keypoints:[[ 705.     12.04]
 [ 607.     21.16]
 [ 709.5    25.72]
 ...
 [3020.   2596.  ]
 [3058.   2596.  ]
 [3040.   2696.  ]]
2.2799999713897705keypoint_scores:[45.28 65.   57.3  ... 63.62 55.22 52.47]
2.2799999713897705descriptors:[[-0.04138  -0.02936  -0.1554   ... -0.1675    0.0482   -0.1804  ]
 [-0.02887  -0.0764   -0.00869  ...  0.00135   0.02823   0.07965 ]
 [-0.1866   -0.1792   -0.0575   ... -0.01962  -0.0949   -0.184   ]
 ...
 [ 0.01704   0.04865   0.03049  ...  0.11426   0.1154    0.0964  ]
 [-0.1252   -0.04895  -0.1506   ... -0.03452   0.005695  0.0412  ]
 [ 0.04196  -0.0714   -0.007122 ...  0.1879   -0.04645   0.01793 ]]
2.2799999713897705image_size:[3648 2736]
2.2799999713897705keypoints:[[1829.     23.44]
 [1914.     25.72]
 [3478.     25.72]
 ...
 [2360.   2540.  ]
 [2308.   2542.  ]
 [2292.   2554.  ]]
2.2799999713897705keypoint_scores:[57.94 52.88 47.7  ... 53.5  46.9  67.56]
2.2799999713897705descriptors:[[-0.11365  -0.05637  -0.0861   ...  0.01622  -0.04288  -0.2625  ]
 [ 0.147     0.00771   0.024    ... -0.0511   -0.0164   -0.013084]
 [ 0.03244  -0.04007  -0.0571   ... -0.06946  -0.11304  -0.04282 ]
 ...
 [ 0.0754    0.1431    0.1705   ...  0.2114    0.126     0.05    ]
 [-0.09674  -0.04495  -0.163    ... -0.00987  -0.010864  0.0649  ]
 [-0.06247   0.0694    0.1293   ... -0.0456    0.05002   0.003447]]
2.2799999713897705image_size:[3648 2736]
2.2799999713897705keypoints:[[2814.     18.88]
 [ 924.     25.72]
 [ 233.2    30.28]
 ...
 [1996.   2622.  ]
 [1966.   2636.  ]
 [1927.   2668.  ]]
2.2799999713897705keypoint_scores:[47.12 47.12 45.9  ... 46.28 63.   56.06]
2.2799999713897705descriptors:[[-0.0912   -0.1537   -0.1149   ... -0.06836  -0.168    -0.0755  ]
 [-0.1316   -0.0994    0.01408  ...  0.05798   0.0963    0.1694  ]
 [-0.1333    0.04922  -0.01945  ... -0.06323   0.006264  0.003933]
 ...
 [ 0.2544    0.01481   0.02985  ...  0.2375    0.125     0.1313  ]
 [-0.07776  -0.01567  -0.12476  ...  0.09644   0.0511   -0.01064 ]
 [ 0.05786   0.09937   0.10016  ...  0.0461    0.06494  -0.0552  ]]
2.2799999713897705image_size:[3648 2736]
2.2799999713897705keypoints:[[ 716.5    16.6 ]
 [ 755.5    16.6 ]
 [ 242.4    21.16]
 ...
 [1590.   2688.  ]
 [1656.   2704.  ]
 [1592.   2714.  ]]
2.2799999713897705keypoint_scores:[46.38 59.66 49.75 ... 68.25 51.84 51.3 ]
2.2799999713897705descriptors:[[-0.184   -0.1169  -0.05478 ... -0.1426  -0.148   -0.1368 ]
 [ 0.04922 -0.10144  0.02663 ...  0.05078 -0.00836  0.01302]
 [ 0.06476  0.1329  -0.04333 ... -0.0296  -0.0726  -0.06573]
 ...
 [-0.02728 -0.08435 -0.11414 ...  0.131    0.175   -0.10315]
 [-0.00682 -0.1486  -0.1338  ... -0.06586  0.0209  -0.02205]
 [-0.02286  0.0952   0.1348  ...  0.0365   0.0701   0.0694 ]]
2.2799999713897705image_size:[3648 2736]
2.2799999713897705keypoints:[[1214.     14.32]
 [1451.     16.6 ]
 [1658.     16.6 ]
 ...
 [3378.   2698.  ]
 [3402.   2708.  ]
 [1439.   2712.  ]]
2.2799999713897705keypoint_scores:[62.03 59.47 48.   ... 66.06 52.4  58.53]
2.2799999713897705descriptors:[[ 0.002462 -0.0835   -0.0624   ... -0.09894  -0.152    -0.1744  ]
 [ 0.01941  -0.04623   0.04755  ...  0.07465   0.00881   0.129   ]
 [ 0.0181   -0.03842  -0.001047 ... -0.1262   -0.10284  -0.1271  ]
 ...
 [-0.06665  -0.09174  -0.099    ...  0.0792    0.10565   0.0932  ]
 [-0.03156  -0.03583  -0.01883  ... -0.1732   -0.0596    0.0214  ]
 [ 0.06415   0.025     0.073    ...  0.06274   0.1664    0.1012  ]]
2.2799999713897705image_size:[3648 2736]
2.2799999713897705keypoints:[[2472.     12.04]
 [1487.     14.32]
 [1809.     14.32]
 ...
 [1487.   2672.  ]
 [1106.   2682.  ]
 [1113.   2708.  ]]
2.2799999713897705keypoint_scores:[47.66 65.4  52.3  ... 47.3  61.78 50.78]
2.2799999713897705descriptors:[[-0.03075  -0.1038   -0.04123  ... -0.1439   -0.07294  -0.08026 ]
 [ 0.0176    0.05215   0.0394   ...  0.0948    0.04004   0.03017 ]
 [ 0.04034  -0.0129    0.0379   ... -0.02956  -0.1758    0.013954]
 ...
 [-0.04803  -0.05527  -0.08185  ...  0.1296    0.0879    0.1995  ]
 [-0.03558  -0.006466  0.002384 ... -0.0813    0.0956   -0.0723  ]
 [ 0.03598   0.08563   0.0784   ... -0.05884  -0.01672   0.0594  ]]
2.2799999713897705image_size:[3648 2736]
2.2799999713897705keypoints:[[1980.      9.76]
 [1996.     12.04]
 [2920.     12.04]
 ...
 [  53.1  2592.  ]
 [2860.   2662.  ]
 [2916.   2684.  ]]
2.2799999713897705keypoint_scores:[43.8  65.75 48.62 ... 87.3  53.7  57.72]
2.2799999713897705descriptors:[[ 0.08813   0.03568   0.05914  ... -0.0865    0.0473   -0.1451  ]
 [-0.01845  -0.0988    0.05798  ...  0.0192   -0.0386   -0.06012 ]
 [-0.104    -0.0843   -0.0404   ... -0.04224  -0.00845  -0.08417 ]
 ...
 [ 0.07715  -0.04245  -0.08044  ...  0.009125  0.0887    0.06586 ]
 [-0.0242   -0.0431    0.01598  ...  0.00711   0.05316  -0.04123 ]
 [ 0.04376   0.0568    0.04407  ...  0.0356   -0.005543  0.15    ]]
2.2799999713897705image_size:[3648 2736]
2.2799999713897705keypoints:[[2308.     16.6 ]
 [2194.     21.16]
 [2464.     21.16]
 ...
 [ 819.   2702.  ]
 [2206.   2714.  ]
 [2238.   2722.  ]]
2.2799999713897705keypoint_scores:[41.62 54.16 61.12 ... 50.4  46.06 58.53]
2.2799999713897705descriptors:[[-0.1962    0.1537   -0.1439   ... -0.08954  -0.05902  -0.1388  ]
 [-0.04016   0.0654    0.02693  ... -0.02892   0.05573   0.10266 ]
 [-0.0638   -0.01073  -0.06586  ... -0.137    -0.006027  0.01283 ]
 ...
 [ 0.1158   -0.00721   0.11285  ...  0.0816    0.02156   0.02974 ]
 [-0.05957  -0.01227  -0.206    ...  0.03918   0.04907   0.14    ]
 [ 0.0628    0.01026   0.003607 ...  0.2164   -0.03882   0.0984  ]]
2.2799999713897705image_size:[3648 2736]
2.2799999713897705keypoints:[[3498.     12.04]
 [2470.     16.6 ]
 [2914.     16.6 ]
 ...
 [2736.   2704.  ]
 [1941.   2708.  ]
 [2484.   2720.  ]]
2.2799999713897705keypoint_scores:[43.88 94.   64.8  ... 54.7  55.47 48.44]
2.2799999713897705descriptors:[[ 0.0836    -0.1348     0.05243   ... -0.07605   -0.06055    0.0715   ]
 [ 0.09686    0.01129   -0.07855   ...  0.0675    -0.0004659 -0.0821   ]
 [-0.0988    -0.11865   -0.03073   ... -0.11395   -0.0842    -0.158    ]
 ...
 [ 0.1199     0.01973    0.0574    ...  0.001006   0.1646     0.05118  ]
 [-0.1978    -0.0911     0.04434   ...  0.000658  -0.09705   -0.1719   ]
 [ 0.03165   -0.07056   -0.06366   ... -0.0819    -0.1469     0.05313  ]]
2.2799999713897705image_size:[3648 2736]
2.2799999713897705global_descriptor:[ 0.01124   -0.00987    0.0015135 ...  0.00815   -0.03424    0.00859  ]
image_size:[3648 2736]
global_descriptor:[ 0.010414 -0.01836  -0.001466 ...  0.01814   0.01752   0.02554 ]
image_size:[3648 2736]
global_descriptor:[ 0.01401  -0.01178   0.00372  ... -0.007008  0.003014 -0.01402 ]
image_size:[3648 2736]
global_descriptor:[ 0.01012  -0.01282   0.004574 ...  0.01346   0.02126   0.01978 ]
image_size:[3648 2736]
global_descriptor:[ 0.01214  -0.014725  0.00435  ...  0.01207   0.05228  -0.02078 ]
image_size:[3648 2736]
global_descriptor:[ 0.011345 -0.0173    0.005836 ...  0.01111   0.00525  -0.01097 ]
image_size:[3648 2736]
global_descriptor:[ 0.01255  -0.01529   0.00524  ... -0.0174   -0.004517 -0.01611 ]
image_size:[3648 2736]
global_descriptor:[ 0.0157   -0.00989   0.003029 ...  0.01268   0.01974  -0.01063 ]
image_size:[3648 2736]
global_descriptor:[ 0.0128    -0.01101   -0.003225  ...  0.02869   -0.004143   0.0006094]
image_size:[3648 2736]
global_descriptor:[ 0.0152   -0.01275  -0.001858 ...  0.01424  -0.01768   0.000624]
image_size:[3648 2736]
global_descriptor:[ 0.01361  -0.01141  -0.003012 ...  0.02332  -0.03403   0.01469 ]
image_size:[3648 2736]
global_descriptor:[ 0.015564 -0.00891   0.007057 ... -0.01415  -0.003181  0.001329]
image_size:[3648 2736]
global_descriptor:[ 0.015045 -0.01051   0.01098  ... -0.00302   0.01274   0.01663 ]
image_size:[3648 2736]
global_descriptor:[ 0.01251  -0.01302   0.010796 ...  0.00922   0.00691   0.01503 ]
image_size:[3648 2736]
global_descriptor:[ 0.01063  -0.01561   0.0105   ... -0.007164  0.02469   0.0217  ]
image_size:[3648 2736]
global_descriptor:[ 0.007698 -0.01529   0.007225 ... -0.0302    0.003845  0.00679 ]
image_size:[3648 2736]
global_descriptor:[ 0.006752  -0.0156     0.0084    ... -0.02       0.0001671  0.02016  ]
image_size:[3648 2736]
global_descriptor:[ 0.00849  -0.015434  0.00974  ... -0.03714   0.003622  0.03735 ]
image_size:[3648 2736]
global_descriptor:[ 0.0114   -0.01066   0.000299 ...  0.01768  -0.03317   0.001072]
image_size:[3648 2736]
global_descriptor:[ 0.01451  -0.00944  -0.001838 ...  0.002823 -0.01152  -0.02199 ]
image_size:[3648 2736]
